400 -16.000000 0.000000 -55.000000
404 -16.000000 0.000000 -55.000000
418 -16.000000 0.000000 -55.000000
440 -16.000000 0.000000 -55.000000
458 -16.000000 0.000000 -55.000000
479 -16.000000 0.000000 -55.000000
483 -16.000000 0.000000 -55.000000
461 -16.000000 0.000000 -55.000000
412 -16.000000 0.000000 -55.000000
410 -16.000000 0.000000 -55.000000
409 -16.000000 0.000000 -55.000000
413 -16.000000 0.000000 -55.000000
418 -16.000000 0.000000 -55.000000
421 -16.000000 0.000000 -55.000000
422 -16.000000 0.000000 -55.000000
426 -16.000000 0.000000 -55.000000
429 -16.000000 0.000000 -55.000000
439 -16.000000 0.000000 -55.000000
438 -16.000000 0.000000 -55.000000
440 -16.000000 0.000000 -55.000000
442 -16.000000 0.000000 -55.000000
445 -16.000000 0.000000 -55.000000
458 -16.000000 0.000000 -55.000000
459 -16.000000 0.000000 -55.000000
462 -16.000000 0.000000 -55.000000
461 -16.000000 0.000000 -55.000000
466 -16.000000 0.000000 -55.000000
467 -16.000000 0.000000 -55.000000
468 -16.000000 0.000000 -55.000000
474 -16.000000 0.000000 -55.000000
475 -16.000000 0.000000 -55.000000
479 -16.000000 0.000000 -55.000000
480 -16.000000 0.000000 -55.000000
477 -16.000000 0.000000 -55.000000
482 -16.000000 0.000000 -55.000000
489 -16.000000 0.000000 -55.000000
491 -16.000000 0.000000 -55.000000
492 -16.000000 0.000000 -55.000000
496 -16.000000 0.000000 -55.000000
500 -16.000000 0.000000 -55.000000
505 -16.000000 0.000000 -55.000000
506 -16.000000 0.000000 -55.000000
507 -16.000000 0.000000 -55.000000
510 -16.000000 0.000000 -55.000000
516 -16.000000 0.000000 -55.000000
517 -16.000000 0.000000 -55.000000
518 -16.000000 0.000000 -55.000000
521 -16.000000 0.000000 -55.000000
526 -16.000000 0.000000 -55.000000
527 -16.000000 0.000000 -55.000000
529 -16.000000 0.000000 -55.000000
533 -16.000000 0.000000 -55.000000
534 -16.000000 0.000000 -55.000000
535 -16.000000 0.000000 -55.000000
536 -16.000000 0.000000 -55.000000
540 -16.000000 0.000000 -55.000000
541 -16.000000 0.000000 -55.000000
542 -16.000000 0.000000 -55.000000
543 -16.000000 0.000000 -55.000000
546 -16.000000 0.000000 -55.000000
545 -16.000000 0.000000 -55.000000
547 -16.000000 0.000000 -55.000000
549 -16.000000 0.000000 -55.000000
550 -16.000000 0.000000 -55.000000
551 -16.000000 0.000000 -55.000000
555 -16.000000 0.000000 -55.000000
558 -16.000000 0.000000 -55.000000
559 -16.000000 0.000000 -55.000000
561 -16.000000 0.000000 -55.000000
562 -16.000000 0.000000 -55.000000
566 -16.000000 0.000000 -55.000000
565 -16.000000 0.000000 -55.000000
505 -16.000000 0.000000 -55.000000
506 -16.000000 0.000000 -55.000000
507 -16.000000 0.000000 -55.000000
508 -16.000000 0.000000 -55.000000
509 -16.000000 0.000000 -55.000000
510 -16.000000 0.000000 -55.000000
514 -16.000000 0.000000 -55.000000
515 -16.000000 0.000000 -55.000000
516 -16.000000 0.000000 -55.000000
517 -16.000000 0.000000 -55.000000
518 -16.000000 0.000000 -55.000000
521 -16.000000 0.000000 -55.000000
522 -16.000000 0.000000 -55.000000
526 -16.000000 0.000000 -55.000000
527 -16.000000 0.000000 -55.000000
529 -16.000000 0.000000 -55.000000
530 -16.000000 0.000000 -55.000000
531 -16.000000 0.000000 -55.000000
533 -16.000000 0.000000 -55.000000
534 -16.000000 0.000000 -55.000000
535 -16.000000 0.000000 -55.000000
536 -16.000000 0.000000 -55.000000
539 -16.000000 0.000000 -55.000000
540 -16.000000 0.000000 -55.000000
541 -16.000000 0.000000 -55.000000
542 -16.000000 0.000000 -55.000000
543 -16.000000 0.000000 -55.000000
545 -16.000000 0.000000 -55.000000
546 -16.000000 0.000000 -55.000000
547 -16.000000 0.000000 -55.000000
549 -16.000000 0.000000 -55.000000
550 -16.000000 0.000000 -55.000000
551 -16.000000 0.000000 -55.000000
554 -16.000000 0.000000 -55.000000
555 -16.000000 0.000000 -55.000000
556 -16.000000 0.000000 -55.000000
557 -16.000000 0.000000 -55.000000
558 -16.000000 0.000000 -55.000000
559 -16.000000 0.000000 -55.000000
562 -16.000000 0.000000 -55.000000
